          time           |       accX        |       accY       |       accZ       |        gyroX         |        gyroY         | gyroZ |       magX       |       magY        |       magZ        | sampleId 
-------------------------+-------------------+------------------+------------------+----------------------+----------------------+-------+------------------+-------------------+-------------------+----------
 2019-01-27 12:51:31.967 |  0.22500216960907 | 4.47610712051392 | 8.45912456512451 |  0.00266337255015969 | -0.00266337255015969 |     0 |   16.13450050354 | -6.89300012588501 |  -46.726001739502 |     6600
 2019-01-27 12:51:31.977 |  0.22500216960907 | 4.47610712051392 | 8.45912456512451 |  0.00266337255015969 | -0.00266337255015969 |     0 |   16.13450050354 | -6.89300012588501 |  -46.726001739502 |     6601
 2019-01-27 12:51:31.987 | 0.244151294231415 | 4.45695781707764 | 8.42082595825195 |                    0 |                    0 |     0 | 14.9755001068115 |  -5.6729998588562 | -45.4755020141602 |     6602
 2019-01-27 12:51:31.997 | 0.244151294231415 | 4.45695781707764 | 8.42082595825195 |                    0 |                    0 |     0 | 14.9755001068115 |  -5.6729998588562 | -45.4755020141602 |     6603
 2019-01-27 12:51:32.007 | 0.244151294231415 | 4.45695781707764 | 8.42082595825195 |                    0 |                    0 |     0 | 14.9755001068115 |  -5.6729998588562 | -45.4755020141602 |     6604
 2019-01-27 12:51:32.017 | 0.234576731920242 | 4.43780899047852 | 8.42082595825195 |                    0 |                    0 |     0 |  16.683500289917 | -7.47249984741211 | -45.4755020141602 |     6605
 2019-01-27 12:51:32.027 | 0.234576731920242 | 4.43780899047852 | 8.42082595825195 |                    0 |                    0 |     0 |  16.683500289917 | -7.47249984741211 | -45.4755020141602 |     6606
 2019-01-27 12:51:32.037 | 0.234576731920242 | 4.43780899047852 | 8.42082595825195 |                    0 |                    0 |     0 |  16.683500289917 | -7.47249984741211 | -45.4755020141602 |     6607
 2019-01-27 12:51:32.047 |  0.22500216960907 |  4.4665322303772 | 8.43997478485107 |                    0 |                    0 |     0 | 17.2630004882812 |  -5.6729998588562 | -44.8349990844727 |     6608
 2019-01-27 12:51:32.057 |  0.22500216960907 |  4.4665322303772 | 8.43997478485107 |                    0 |                    0 |     0 | 17.2630004882812 |  -5.6729998588562 | -44.8349990844727 |     6609
 2019-01-27 12:51:32.067 |  0.22500216960907 |  4.4665322303772 | 8.43997478485107 |                    0 |                    0 |     0 | 17.2630004882812 |  -5.6729998588562 | -44.8349990844727 |     6610
 2019-01-27 12:51:32.077 | 0.205853044986725 |  4.4282341003418 | 8.44954967498779 |  0.00266337255015969 |                    0 |     0 | 14.4265003204346 |  -5.6729998588562 | -46.0854988098145 |     6611
 2019-01-27 12:51:32.087 | 0.205853044986725 |  4.4282341003418 | 8.44954967498779 |  0.00266337255015969 |                    0 |     0 | 14.4265003204346 |  -5.6729998588562 | -46.0854988098145 |     6612
 2019-01-27 12:51:32.097 | 0.205853044986725 |  4.4282341003418 | 8.44954967498779 |  0.00266337255015969 |                    0 |     0 | 14.4265003204346 |  -5.6729998588562 | -46.0854988098145 |     6613
 2019-01-27 12:51:32.107 | 0.205853044986725 | 4.41865968704224 | 8.42082595825195 |                    0 |                    0 |     0 | 13.8470001220703 | -3.87350010871887 | -42.9440002441406 |     6614
 2019-01-27 12:51:32.117 | 0.205853044986725 | 4.41865968704224 | 8.42082595825195 |                    0 |                    0 |     0 | 13.8470001220703 | -3.87350010871887 | -42.9440002441406 |     6615
 2019-01-27 12:51:32.127 | 0.205853044986725 | 4.41865968704224 | 8.42082595825195 |                    0 |                    0 |     0 | 13.8470001220703 | -3.87350010871887 | -42.9440002441406 |     6616
 2019-01-27 12:51:32.137 |  0.22500216960907 | 4.44738340377808 | 8.44954967498779 |                    0 |                    0 |     0 |   16.13450050354 |  -5.0935001373291 | -45.4755020141602 |     6617
 2019-01-27 12:51:32.147 |  0.22500216960907 | 4.44738340377808 | 8.44954967498779 |                    0 |                    0 |     0 |   16.13450050354 |  -5.0935001373291 | -45.4755020141602 |     6618
 2019-01-27 12:51:32.157 |  0.22500216960907 | 4.44738340377808 | 8.44954967498779 |                    0 |                    0 |     0 |   16.13450050354 |  -5.0935001373291 | -45.4755020141602 |     6619
 2019-01-27 12:51:32.167 | 0.234576731920242 | 4.44738340377808 | 8.41125106811523 |                    0 |                    0 |     0 |  16.683500289917 |  -5.0935001373291 | -44.8349990844727 |     6620
 2019-01-27 12:51:32.177 | 0.234576731920242 | 4.44738340377808 | 8.41125106811523 |                    0 |                    0 |     0 |  16.683500289917 |  -5.0935001373291 | -44.8349990844727 |     6621
 2019-01-27 12:51:32.187 | 0.234576731920242 | 4.44738340377808 | 8.41125106811523 |                    0 |                    0 |     0 |  16.683500289917 |  -5.0935001373291 | -44.8349990844727 |     6622
 2019-01-27 12:51:32.197 | 0.244151294231415 | 4.43780899047852 | 8.44954967498779 |                    0 |                    0 |     0 |   16.13450050354 |  -5.0935001373291 | -46.0854988098145 |     6623
 2019-01-27 12:51:32.207 | 0.244151294231415 | 4.43780899047852 | 8.44954967498779 |                    0 |                    0 |     0 |   16.13450050354 |  -5.0935001373291 | -46.0854988098145 |     6624
 2019-01-27 12:51:32.217 | 0.244151294231415 | 4.43780899047852 | 8.44954967498779 |                    0 |                    0 |     0 |   16.13450050354 |  -5.0935001373291 | -46.0854988098145 |     6625
 2019-01-27 12:51:32.227 | 0.205853044986725 | 4.45695781707764 | 8.45912456512451 |                    0 |                    0 |     0 | 17.2630004882812 |  -5.0935001373291 | -46.0854988098145 |     6626
 2019-01-27 12:51:32.237 | 0.205853044986725 | 4.45695781707764 | 8.45912456512451 |                    0 |                    0 |     0 | 17.2630004882812 |  -5.0935001373291 | -46.0854988098145 |     6627
 2019-01-27 12:51:32.247 | 0.205853044986725 | 4.45695781707764 | 8.45912456512451 |                    0 |                    0 |     0 | 17.2630004882812 |  -5.0935001373291 | -46.0854988098145 |     6628
 2019-01-27 12:51:32.257 | 0.205853044986725 | 4.44738340377808 | 8.43997478485107 |                    0 |                    0 |     0 | 14.9755001068115 |  -5.6729998588562 | -47.9765014648438 |     6629
 2019-01-27 12:51:32.267 | 0.205853044986725 | 4.44738340377808 | 8.43997478485107 |                    0 |                    0 |     0 | 14.9755001068115 |  -5.6729998588562 | -47.9765014648438 |     6630
 2019-01-27 12:51:32.277 | 0.205853044986725 | 4.44738340377808 | 8.43997478485107 |                    0 |                    0 |     0 | 14.9755001068115 |  -5.6729998588562 | -47.9765014648438 |     6631
 2019-01-27 12:51:32.287 |  0.22500216960907 | 4.44738340377808 | 8.44954967498779 |                    0 |                    0 |     0 | 13.2980003356934 |  -5.6729998588562 | -44.8349990844727 |     6632
 2019-01-27 12:51:32.297 |  0.22500216960907 | 4.44738340377808 | 8.44954967498779 |                    0 |                    0 |     0 | 13.2980003356934 |  -5.6729998588562 | -44.8349990844727 |     6633
 2019-01-27 12:51:32.307 |  0.22500216960907 | 4.44738340377808 | 8.44954967498779 |                    0 |                    0 |     0 | 13.2980003356934 |  -5.6729998588562 | -44.8349990844727 |     6634
 2019-01-27 12:51:32.317 | 0.215427607297897 | 4.44738340377808 | 8.43997478485107 |                    0 |                    0 |     0 | 14.9755001068115 | -6.89300012588501 | -45.4755020141602 |     6635
 2019-01-27 12:51:32.327 | 0.215427607297897 | 4.44738340377808 | 8.43997478485107 |                    0 |                    0 |     0 | 14.9755001068115 | -6.89300012588501 | -45.4755020141602 |     6636
 2019-01-27 12:51:32.337 | 0.215427607297897 | 4.44738340377808 | 8.43997478485107 |                    0 |                    0 |     0 | 14.9755001068115 | -6.89300012588501 | -45.4755020141602 |     6637
 2019-01-27 12:51:32.347 | 0.215427607297897 | 4.45695781707764 | 8.42082595825195 |                    0 |                    0 |     0 | 14.9755001068115 |  -5.0935001373291 | -45.4755020141602 |     6638
 2019-01-27 12:51:32.357 | 0.215427607297897 | 4.45695781707764 | 8.42082595825195 |                    0 |                    0 |     0 | 14.9755001068115 |  -5.0935001373291 | -45.4755020141602 |     6639
 2019-01-27 12:51:32.367 | 0.215427607297897 | 4.45695781707764 | 8.42082595825195 |                    0 |                    0 |     0 | 14.9755001068115 |  -5.0935001373291 | -45.4755020141602 |     6640
 2019-01-27 12:51:32.377 |  0.22500216960907 |  4.4665322303772 | 8.42082595825195 |                    0 |                    0 |     0 |  16.683500289917 |  -5.6729998588562 | -46.0854988098145 |     6641
 2019-01-27 12:51:32.387 |  0.22500216960907 |  4.4665322303772 | 8.42082595825195 |                    0 |                    0 |     0 |  16.683500289917 |  -5.6729998588562 | -46.0854988098145 |     6642
 2019-01-27 12:51:32.397 |  0.22500216960907 |  4.4665322303772 | 8.42082595825195 |                    0 |                    0 |     0 |  16.683500289917 |  -5.6729998588562 | -46.0854988098145 |     6643
 2019-01-27 12:51:32.407 |  0.22500216960907 | 4.43780899047852 | 8.43997478485107 |                    0 |                    0 |     0 |  16.683500289917 | -8.69250011444092 | -45.4755020141602 |     6644
 2019-01-27 12:51:32.417 |  0.22500216960907 | 4.43780899047852 | 8.43997478485107 |                    0 |                    0 |     0 |  16.683500289917 | -8.69250011444092 | -45.4755020141602 |     6645
 2019-01-27 12:51:32.427 |  0.22500216960907 | 4.43780899047852 | 8.43997478485107 |                    0 |                    0 |     0 |  16.683500289917 | -8.69250011444092 | -45.4755020141602 |     6646
 2019-01-27 12:51:32.437 | 0.215427607297897 | 4.44738340377808 | 8.43997478485107 |                    0 |                    0 |     0 |  16.683500289917 |  -5.0935001373291 | -46.0854988098145 |     6647
 2019-01-27 12:51:32.447 | 0.215427607297897 | 4.44738340377808 | 8.43997478485107 |                    0 |                    0 |     0 |  16.683500289917 |  -5.0935001373291 | -46.0854988098145 |     6648
 2019-01-27 12:51:32.457 | 0.215427607297897 | 4.44738340377808 | 8.43997478485107 |                    0 |                    0 |     0 |  16.683500289917 |  -5.0935001373291 | -46.0854988098145 |     6649
 2019-01-27 12:51:32.467 |  0.22500216960907 | 4.44738340377808 | 8.44954967498779 |                    0 |                    0 |     0 |  16.683500289917 |  -4.4835000038147 | -44.8349990844727 |     6650
 2019-01-27 12:51:32.477 |  0.22500216960907 | 4.44738340377808 | 8.44954967498779 |                    0 |                    0 |     0 |  16.683500289917 |  -4.4835000038147 | -44.8349990844727 |     6651
 2019-01-27 12:51:32.487 |  0.22500216960907 | 4.44738340377808 | 8.44954967498779 |                    0 |                    0 |     0 |  16.683500289917 |  -4.4835000038147 | -44.8349990844727 |     6652
 2019-01-27 12:51:32.497 | 0.215427607297897 | 4.43780899047852 | 8.43997478485107 |                    0 |                    0 |     0 |  16.683500289917 |  -5.6729998588562 | -46.0854988098145 |     6653
 2019-01-27 12:51:32.507 | 0.215427607297897 | 4.43780899047852 | 8.43997478485107 |                    0 |                    0 |     0 |  16.683500289917 |  -5.6729998588562 | -46.0854988098145 |     6654
 2019-01-27 12:51:32.517 | 0.215427607297897 | 4.43780899047852 | 8.43997478485107 |                    0 |                    0 |     0 |  16.683500289917 |  -5.6729998588562 | -46.0854988098145 |     6655
 2019-01-27 12:51:32.527 | 0.205853044986725 | 4.43780899047852 | 8.43997478485107 |                    0 |                    0 |     0 | 17.2630004882812 |  -5.6729998588562 | -45.4755020141602 |     6656
 2019-01-27 12:51:32.537 | 0.205853044986725 | 4.43780899047852 | 8.43997478485107 |                    0 |                    0 |     0 | 17.2630004882812 |  -5.6729998588562 | -45.4755020141602 |     6657
 2019-01-27 12:51:32.547 | 0.205853044986725 | 4.43780899047852 | 8.43997478485107 |                    0 |                    0 |     0 | 17.2630004882812 |  -5.6729998588562 | -45.4755020141602 |     6658
 2019-01-27 12:51:32.557 | 0.196278482675552 | 4.44738340377808 | 8.43040084838867 |                    0 |                    0 |     0 | 17.2630004882812 | -7.47249984741211 | -45.4755020141602 |     6659
 2019-01-27 12:51:32.567 | 0.196278482675552 | 4.44738340377808 | 8.43040084838867 |                    0 |                    0 |     0 | 17.2630004882812 | -7.47249984741211 | -45.4755020141602 |     6660
 2019-01-27 12:51:32.577 | 0.196278482675552 | 4.44738340377808 | 8.43040084838867 |                    0 |                    0 |     0 | 17.2630004882812 | -7.47249984741211 | -45.4755020141602 |     6661
 2019-01-27 12:51:32.587 | 0.205853044986725 | 4.44738340377808 | 8.42082595825195 |                    0 |                    0 |     0 | 14.4265003204346 | -6.89300012588501 | -44.1944999694824 |     6662
 2019-01-27 12:51:32.597 | 0.205853044986725 | 4.44738340377808 | 8.42082595825195 |                    0 |                    0 |     0 | 14.4265003204346 | -6.89300012588501 | -44.1944999694824 |     6663
 2019-01-27 12:51:32.607 | 0.205853044986725 | 4.44738340377808 | 8.42082595825195 |                    0 |                    0 |     0 | 14.4265003204346 | -6.89300012588501 | -44.1944999694824 |     6664
 2019-01-27 12:51:32.617 | 0.215427607297897 | 4.44738340377808 | 8.43040084838867 |                    0 |                    0 |     0 | 14.4265003204346 |  -5.0935001373291 | -44.8349990844727 |     6665
 2019-01-27 12:51:32.627 | 0.215427607297897 | 4.44738340377808 | 8.43040084838867 |                    0 |                    0 |     0 | 14.4265003204346 |  -5.0935001373291 | -44.8349990844727 |     6666
 2019-01-27 12:51:32.637 | 0.215427607297897 | 4.44738340377808 | 8.43040084838867 |                    0 |                    0 |     0 | 14.4265003204346 |  -5.0935001373291 | -44.8349990844727 |     6667
 2019-01-27 12:51:32.647 |  0.22500216960907 | 4.45695781707764 | 8.43040084838867 |                    0 |                    0 |     0 |   16.13450050354 | -7.47249984741211 | -45.4755020141602 |     6668
 2019-01-27 12:51:32.657 |  0.22500216960907 | 4.45695781707764 | 8.43040084838867 |                    0 |                    0 |     0 |   16.13450050354 | -7.47249984741211 | -45.4755020141602 |     6669
 2019-01-27 12:51:32.667 |  0.22500216960907 | 4.45695781707764 | 8.43040084838867 |                    0 |                    0 |     0 |   16.13450050354 | -7.47249984741211 | -45.4755020141602 |     6670
 2019-01-27 12:51:32.677 |  0.22500216960907 | 4.45695781707764 | 8.43040084838867 |                    0 |                    0 |     0 |   16.13450050354 | -7.47249984741211 | -45.4755020141602 |     6671
 2019-01-27 12:51:32.687 | 0.234576731920242 | 4.41865968704224 | 8.43997478485107 |                    0 |                    0 |     0 | 14.9755001068115 |  -5.0935001373291 | -47.3665008544922 |     6672
 2019-01-27 12:51:32.697 | 0.234576731920242 | 4.41865968704224 | 8.43997478485107 |                    0 |                    0 |     0 | 14.9755001068115 |  -5.0935001373291 | -47.3665008544922 |     6673
 2019-01-27 12:51:32.707 | 0.205853044986725 |  4.4665322303772 | 8.44954967498779 | -0.00266337255015969 |                    0 |     0 | 14.9755001068115 |  -5.6729998588562 | -46.0854988098145 |     6674
 2019-01-27 12:51:32.717 | 0.205853044986725 |  4.4665322303772 | 8.44954967498779 | -0.00266337255015969 |                    0 |     0 | 14.9755001068115 |  -5.6729998588562 | -46.0854988098145 |     6675
 2019-01-27 12:51:32.727 | 0.205853044986725 |  4.4665322303772 | 8.44954967498779 | -0.00266337255015969 |                    0 |     0 | 14.9755001068115 |  -5.6729998588562 | -46.0854988098145 |     6676
 2019-01-27 12:51:32.737 | 0.196278482675552 | 4.44738340377808 | 8.43997478485107 |                    0 |                    0 |     0 | 13.8470001220703 | -3.87350010871887 | -46.0854988098145 |     6677
 2019-01-27 12:51:32.747 | 0.196278482675552 | 4.44738340377808 | 8.43997478485107 |                    0 |                    0 |     0 | 13.8470001220703 | -3.87350010871887 | -46.0854988098145 |     6678
 2019-01-27 12:51:32.757 | 0.196278482675552 | 4.44738340377808 | 8.43997478485107 |                    0 |                    0 |     0 | 13.8470001220703 | -3.87350010871887 | -46.0854988098145 |     6679
 2019-01-27 12:51:32.767 | 0.215427607297897 | 4.44738340377808 | 8.42082595825195 |                    0 |                    0 |     0 |  16.683500289917 |  -5.0935001373291 | -44.1944999694824 |     6680
 2019-01-27 12:51:32.777 | 0.215427607297897 | 4.44738340377808 | 8.42082595825195 |                    0 |                    0 |     0 |  16.683500289917 |  -5.0935001373291 | -44.1944999694824 |     6681
 2019-01-27 12:51:32.787 | 0.215427607297897 | 4.44738340377808 | 8.42082595825195 |                    0 |                    0 |     0 |  16.683500289917 |  -5.0935001373291 | -44.1944999694824 |     6682
 2019-01-27 12:51:32.797 | 0.215427607297897 |  4.4282341003418 | 8.43040084838867 |                    0 |                    0 |     0 |   16.13450050354 |  -4.4835000038147 | -45.4755020141602 |     6683
 2019-01-27 12:51:32.807 | 0.215427607297897 |  4.4282341003418 | 8.43040084838867 |                    0 |                    0 |     0 |   16.13450050354 |  -4.4835000038147 | -45.4755020141602 |     6684
 2019-01-27 12:51:32.817 | 0.215427607297897 |  4.4282341003418 | 8.43040084838867 |                    0 |                    0 |     0 |   16.13450050354 |  -4.4835000038147 | -45.4755020141602 |     6685
 2019-01-27 12:51:32.827 | 0.215427607297897 | 4.44738340377808 | 8.42082595825195 |                    0 |                    0 |     0 |  16.683500289917 |  -5.0935001373291 | -45.4755020141602 |     6686
 2019-01-27 12:51:32.837 | 0.215427607297897 | 4.44738340377808 | 8.42082595825195 |                    0 |                    0 |     0 |  16.683500289917 |  -5.0935001373291 | -45.4755020141602 |     6687
 2019-01-27 12:51:32.847 | 0.215427607297897 | 4.44738340377808 | 8.42082595825195 |                    0 |                    0 |     0 |  16.683500289917 |  -5.0935001373291 | -45.4755020141602 |     6688
 2019-01-27 12:51:32.857 |  0.22500216960907 | 4.45695781707764 | 8.44954967498779 |                    0 |                    0 |     0 |   16.13450050354 |  -5.6729998588562 | -46.0854988098145 |     6689
 2019-01-27 12:51:32.867 |  0.22500216960907 | 4.45695781707764 | 8.44954967498779 |                    0 |                    0 |     0 |   16.13450050354 |  -5.6729998588562 | -46.0854988098145 |     6690
 2019-01-27 12:51:32.877 |  0.22500216960907 | 4.45695781707764 | 8.44954967498779 |                    0 |                    0 |     0 |   16.13450050354 |  -5.6729998588562 | -46.0854988098145 |     6691
 2019-01-27 12:51:32.887 | 0.215427607297897 | 4.45695781707764 | 8.43040084838867 |                    0 |                    0 |     0 | 14.9755001068115 |  -5.6729998588562 | -44.8349990844727 |     6692
 2019-01-27 12:51:32.897 | 0.215427607297897 | 4.45695781707764 | 8.43040084838867 |                    0 |                    0 |     0 | 14.9755001068115 |  -5.6729998588562 | -44.8349990844727 |     6693
 2019-01-27 12:51:32.907 | 0.215427607297897 | 4.45695781707764 | 8.43040084838867 |                    0 |                    0 |     0 | 14.9755001068115 |  -5.6729998588562 | -44.8349990844727 |     6694
 2019-01-27 12:51:32.917 | 0.215427607297897 | 4.43780899047852 | 8.43997478485107 |                    0 |                    0 |     0 |   16.13450050354 |  -5.6729998588562 | -46.0854988098145 |     6695
 2019-01-27 12:51:32.927 | 0.215427607297897 | 4.43780899047852 | 8.43997478485107 |                    0 |                    0 |     0 |   16.13450050354 |  -5.6729998588562 | -46.0854988098145 |     6696
 2019-01-27 12:51:32.937 | 0.215427607297897 | 4.43780899047852 | 8.43997478485107 |                    0 |                    0 |     0 |   16.13450050354 |  -5.6729998588562 | -46.0854988098145 |     6697
 2019-01-27 12:51:32.947 | 0.234576731920242 | 4.43780899047852 | 8.41125106811523 |                    0 |                    0 |     0 |   16.13450050354 |  -5.0935001373291 | -46.0854988098145 |     6698
 2019-01-27 12:51:32.957 | 0.234576731920242 | 4.43780899047852 | 8.41125106811523 |                    0 |                    0 |     0 |   16.13450050354 |  -5.0935001373291 | -46.0854988098145 |     6699
(100 rows)

